30693.56
14710.90
11934.99
10925.15
9794.14
8951.25
8459.30
8350.37
13646.58
8823.18
8226.28
7964.16
7771.29
7621.45
7482.89
7410.04
7304.70
7564.85
7307.38
7168.21
7093.27
7070.74
6940.51
6867.17
6789.54
6819.57
6673.17
6609.44
6558.54
6517.82
6473.87
6443.73
6433.06
6375.18
6339.22
6321.45
6292.68
6276.29
6243.80
6230.37
6218.30
6202.90
6159.69
6162.48
6136.08
6125.71
6097.41
6091.94
6074.22
6052.99
6080.16
6038.30
6001.48
5986.72
5996.86
5976.89
5946.97
5929.00
5934.93
5947.59
5906.83
5899.69
5904.86
5874.62
5862.52
5856.13
5839.93
5830.51
5832.40
5817.92
5819.49
5801.73
5836.48
5788.01
5787.05
5763.70
5753.71
5756.27
5748.31
5733.99
5729.60
5732.25
5701.29
5714.30
5767.86
5715.31
5686.58
5683.92
5668.76
5691.69
5661.09
5663.05
5697.80
5697.60
5654.68
5651.83
5642.79
5627.91
5607.38
5596.97
5612.92
5595.02
5593.73
5594.56
5587.08
5589.33
5626.80
5631.11
5572.78
5548.46
5546.63
5542.09
5595.18
5566.15
5549.48
5532.76
5545.42
5537.43
5550.27
5545.98
5517.76
5508.73
5506.54
5522.55
5534.49
5502.36
5503.90
5520.88
5536.08
5502.43
5476.39
5466.48
5471.87
5470.98
5474.14
5493.59
5477.33
5471.49
5473.93
5456.88
5447.67
5448.60
5447.58
5449.46
5468.66
5466.53
5483.73
5480.98
5462.97
5462.56
5443.87
5442.48
5440.18
5430.11
5413.48
5424.32
5433.66
5407.94
5408.74
5409.83
5419.37
5421.05
5407.09
5408.44
5407.86
5411.50
5418.71
5428.09
5417.96
5407.12
5404.27
5401.49
5380.31
5377.84
5380.36
5409.11
5409.37
5383.29
5370.39
5380.03
5392.50
5377.87
5368.19
5365.89
5377.08
5371.91
5388.11
5386.41
5379.83
5377.01
5367.31
5374.29
5356.14
5354.71
5352.13
5351.02
5374.80
5389.52
5381.01
5351.45
5350.89
5348.93
5345.96
5375.97
5372.02
5350.23
5347.22
5338.77
5340.60
5353.77
5373.58
5361.41
5388.57
5406.42
5383.78
5355.97
5353.75
5334.33
5332.89
5334.98
5339.22
5333.82
5330.62
5334.22
5332.31
5371.70
5363.51
5353.30
5348.06
5337.26
5320.70
5318.16
5309.39
5315.70
5321.33
5359.68
5333.24
5326.45
5321.85
5311.21
5305.81
5309.18
5324.96
5339.48
5330.35
5332.78
5333.11
5325.54
5340.07
5333.35
5326.77
5318.68
5315.61
5313.83
5309.21
5309.17
5333.64
5290.21
5276.21
5270.01
5266.62
5264.69
5262.81
5261.79
5260.22
5258.33
5258.41
5255.29
5253.98
5252.65
5253.51
5252.27
5252.32
5250.27
5251.74
5252.17
5253.52
5253.10
5248.93
5249.53
5246.76
5256.43
5260.70
5265.90
5257.21
5254.13
5252.98
5248.57
5248.29
5246.60
5254.39
5252.12
5262.00
5264.74
5271.75
5270.82
5262.53
5242.14
5234.87
5231.95
5230.64
5229.34
5228.45
5227.57
5227.05
5226.69
5226.14
5225.73
5225.19
5224.75
5224.31
5223.64
5223.38
5222.61
5223.08
5222.40
5223.31
5223.49
5224.04
5223.09
5222.87
5221.90
5221.44
5220.22
5219.73
5220.54
5219.23
5218.67
5218.08
5217.20
5217.69
5221.57
5219.17
5219.73
5219.84
5219.24
5219.38
5218.47
5217.50
5220.75
5218.68
5220.84
5218.93
5220.74
5219.57
5218.71
5215.74
5214.02
5212.43
5211.46
5210.69
5210.09
5209.62
5209.22
5208.82
5208.45
5208.18
5207.83
5207.49
5207.29
5207.00
5206.75
5206.51
5206.34
5206.05
5205.84
5205.63
5205.44
5205.27
5204.98
5204.84
5204.63
5204.41
5204.25
5204.12
5203.86
5203.76
5203.56
5203.24
5203.13
5203.00
5202.87
5202.68
5202.51
5202.33
5202.14
5201.98
5201.80
5201.61
5201.41
5201.20
5201.06
5200.94
5200.90
5200.68
5200.52
5200.29
5200.11
5200.01
5199.79
